09 03 2020 0.06 0.05 4.00 0.24 1.42
16 10 2019 0.05 0.05 3.70 0.24 1.40
09 09 2019 0.05 0.05 3.70 0.24 1.40
03 09 2019 0.06 0.05 3.70 0.24 1.40
06 06 2019 0.05 0.04 3.57 0.23 1.44
04 06 2019 0.05 0.05 3.70 0.23 1.49
04 11 2018 0.05 0.05 3.84 0.23 1.66
02 10 2018 0.06 0.05 4.00 0.23 1.69
20 03 2018 0.06 0.05 3.57 0.30 1.61
05 10 2017 0.05 0.04 3.33 0.22 1.53
08 09 2017 0.05 0.04 3.22 0.21 1.47
27 06 2017 0.05 0.05 3.22 0.22 1.42
17 10 2016 0.05 0.04 3.22 0.20 1.31
11 09 2016 0.05 0.04 3.33 0.19 1.35
07 09 2015 0.05 0.04 3.57 0.20 1.14
01 06 2015 0.05 0.05 2.94 0.22 1.17
09 06 2015 0.05 0.04 3.03 0.21 1.13
17 10 2011 0.08 0.06 2.70 0.26 0.68
04 04 2020 0.07 0.05 2.32 0.24 0.63
07 04 2020 0.08 0.06 3.03 0.28 0.72